4
1
3
V 1
16
torch.LongTensor
3
16 16 16
256 16 1
1
4
2
3
V 1
17
torch.LongStorage
4096
14 26 2 2 9 1 17 12 8 16 23 24 6 3 7 20 15 17 1 7 12 1 24 1 24 17 8 8 3 12 7 22 13 6 6 1 13 25 13 17 15 13 18 18 3 1 22 2 6 14 20 9 19 7 22 14 24 22 25 19 26 21 8 22 22 2 14 4 24 3 14 5 12 18 7 4 24 5 23 26 4 5 9 25 12 8 21 25 25 11 6 23 22 16 24 25 24 18 23 13 16 25 5 11 5 2 12 1 9 23 26 3 4 23 3 9 26 17 5 12 6 23 7 16 12 18 9 12 15 8 14 17 16 15 10 13 8 4 13 8 17 24 22 22 13 12 7 10 22 10 2 6 7 7 7 9 25 24 12 2 17 7 8 23 18 20 2 14 3 21 19 2 18 3 13 26 19 3 10 15 14 24 22 3 16 24 20 14 25 18 14 7 15 13 13 6 13 3 19 20 9 23 5 19 24 19 13 24 26 20 4 11 25 7 4 21 10 22 15 13 22 25 23 7 13 1 13 2 9 18 17 19 22 13 14 26 13 19 11 14 2 22 23 22 16 25 2 24 3 26 5 9 5 7 6 14 4 16 10 19 21 1 23 8 6 1 7 15 3 22 6 3 21 14 9 2 10 16 20 24 8 20 26 13 9 15 7 12 13 24 6 15 24 8 22 11 25 21 18 10 25 15 19 6 17 8 5 8 2 15 17 23 18 9 8 5 16 22 10 5 11 11 3 6 17 24 8 17 26 14 2 19 26 2 12 4 22 15 17 21 20 9 7 16 24 24 11 12 21 8 23 21 12 16 25 25 4 4 12 9 9 19 1 16 17 21 3 13 24 9 17 5 14 17 9 6 9 25 23 6 16 5 16 8 1 18 22 24 18 19 21 9 16 21 22 19 16 16 10 22 2 8 4 5 12 22 7 5 10 9 24 21 17 15 17 16 7 26 24 23 10 15 21 20 20 9 26 3 8 26 5 22 4 16 21 26 13 1 2 2 9 7 9 5 21 6 19 7 10 16 6 7 20 11 9 11 5 16 14 12 23 15 3 12 17 12 13 18 19 11 17 12 23 4 3 13 3 1 13 21 25 8 18 26 3 6 16 1 16 9 4 6 9 23 14 25 24 1 4 2 4 20 18 15 15 16 6 25 26 3 23 20 3 22 12 18 23 15 14 10 5 25 19 10 12 12 4 22 1 16 6 15 19 13 7 7 17 8 9 5 16 8 20 26 17 1 13 2 4 3 17 18 11 19 22 12 2 18 26 25 7 8 11 2 3 26 15 16 25 23 12 8 12 15 8 5 4 5 7 4 9 12 14 18 22 14 1 5 25 17 6 26 11 18 4 25 2 16 2 20 24 3 24 7 24 20 20 25 15 23 21 2 25 12 20 3 14 12 4 2 13 15 18 21 14 22 4 8 4 18 14 20 5 6 24 13 21 13 10 20 23 24 3 14 10 19 11 21 19 16 1 7 7 16 13 9 11 4 1 3 4 8 6 13 8 13 23 6 5 25 26 5 11 17 26 6 22 22 18 13 15 12 6 19 7 24 4 2 9 12 25 7 21 8 26 15 13 20 7 21 7 8 20 6 4 21 15 15 21 4 6 19 16 4 11 12 26 25 1 19 7 18 12 10 12 24 23 13 14 13 19 18 2 22 19 19 6 11 14 4 4 1 11 17 12 21 11 9 8 21 15 23 8 18 23 7 17 21 25 16 18 20 19 10 4 9 5 1 3 19 25 10 7 13 12 2 19 7 8 2 12 9 1 5 16 2 21 9 6 3 22 5 4 17 10 5 22 23 11 26 26 6 23 16 9 1 14 15 7 2 15 10 26 1 19 10 12 24 10 21 19 14 25 10 20 22 24 10 14 24 8 10 16 23 26 11 19 7 5 16 2 23 22 16 8 1 5 15 19 22 6 20 4 1 17 23 1 23 14 17 21 6 11 4 10 16 4 18 26 4 16 3 4 20 26 3 3 21 14 10 3 3 13 20 26 12 12 17 3 26 18 24 12 10 24 21 5 19 17 10 10 13 23 4 25 17 26 18 22 6 23 17 25 6 26 22 21 3 20 26 2 1 2 20 6 8 17 3 11 25 1 4 9 8 21 17 15 26 20 20 20 25 5 19 6 25 26 1 5 19 21 9 21 5 15 12 17 17 17 16 10 9 26 10 25 3 22 16 13 14 18 8 25 26 19 26 26 13 1 18 1 10 5 8 4 23 6 18 11 14 12 14 22 18 11 22 6 21 5 3 1 15 7 17 19 3 18 9 18 21 21 16 24 25 13 2 25 7 12 19 15 4 2 11 6 22 17 14 8 22 9 14 18 22 25 13 4 15 8 10 11 25 14 14 4 23 6 19 11 25 23 7 21 1 26 7 15 14 18 24 14 14 15 24 4 10 21 7 6 24 10 2 15 10 10 12 21 15 23 2 10 11 5 16 24 23 26 19 5 7 4 18 8 19 16 18 2 4 9 7 22 9 6 22 17 5 18 23 23 17 6 12 16 25 2 26 1 1 25 2 2 10 16 16 10 5 11 16 1 21 6 21 11 22 1 22 23 13 5 21 24 22 20 2 23 2 19 5 7 12 2 4 6 20 16 11 18 25 26 2 26 24 6 25 16 10 23 2 5 23 15 7 9 25 14 11 8 6 25 25 21 9 14 14 20 9 15 22 4 12 1 26 14 1 10 3 7 2 9 24 5 1 19 17 23 17 16 7 4 9 7 23 4 16 21 6 1 12 10 7 2 2 2 2 1 3 18 23 18 6 22 22 3 26 25 2 8 3 19 10 2 11 12 9 22 6 18 22 20 4 25 1 21 13 1 9 23 13 11 14 16 3 9 17 5 16 2 25 12 9 14 10 10 9 5 24 10 24 20 26 14 14 24 8 3 24 11 23 22 14 26 8 8 4 15 11 13 16 2 19 26 14 22 24 13 22 23 13 17 23 4 24 17 19 24 26 11 2 11 1 20 17 2 9 25 24 25 16 15 2 10 8 15 19 23 9 26 3 13 1 25 10 11 20 25 24 3 14 21 20 2 6 1 5 8 13 13 7 9 15 21 15 24 5 26 20 9 17 1 2 15 18 7 6 24 9 11 25 20 19 2 16 17 11 26 12 6 19 9 22 20 26 10 19 9 8 18 14 26 15 19 11 3 14 20 4 2 4 24 19 14 9 2 20 6 19 16 11 26 9 22 12 3 15 26 11 24 5 21 6 5 2 4 19 8 22 12 20 8 22 10 25 22 20 2 18 23 2 14 2 20 4 7 19 14 5 17 20 23 17 17 3 4 20 24 5 4 11 18 6 10 19 8 24 13 2 25 24 21 22 25 3 12 9 22 25 14 5 1 8 2 5 20 10 12 5 8 22 20 5 26 9 4 5 5 26 16 7 24 4 9 22 26 4 11 22 5 25 6 21 21 19 25 24 23 24 6 20 13 17 16 15 25 14 19 23 13 13 21 16 26 25 2 12 7 17 5 17 16 6 26 11 14 9 1 20 12 9 13 11 5 10 20 3 2 16 23 5 7 20 1 19 12 21 23 5 22 26 15 18 15 15 12 9 19 18 16 3 8 3 7 1 8 18 3 14 9 17 9 17 10 6 22 6 25 16 3 24 18 12 24 25 22 10 11 22 14 1 19 13 3 1 23 3 10 1 12 24 5 15 13 11 21 2 22 15 8 14 19 18 18 4 1 5 20 13 20 19 8 25 10 9 9 2 16 7 20 21 17 12 16 3 14 13 14 13 19 12 5 14 13 3 17 21 7 6 25 21 15 21 8 15 9 25 26 13 12 24 20 25 17 1 14 16 26 4 22 2 12 26 14 22 14 19 7 1 25 24 9 10 20 20 21 6 25 5 2 20 25 2 7 21 9 17 20 16 15 4 1 22 21 1 16 1 23 7 6 24 3 21 17 22 13 23 24 26 4 23 26 19 18 15 17 24 13 17 18 3 17 6 25 19 6 13 5 6 5 24 21 1 11 14 9 21 18 20 7 24 16 20 3 2 25 9 4 14 9 26 11 4 7 8 9 12 22 5 5 1 15 19 6 10 5 1 10 5 13 17 19 25 21 25 12 3 24 24 11 16 22 14 1 9 25 18 18 25 1 25 23 26 2 11 11 23 13 2 23 26 26 25 14 26 17 5 23 7 13 20 8 17 12 12 19 4 16 9 24 7 25 21 17 26 11 5 19 10 4 7 26 9 4 16 21 12 11 14 1 21 18 18 5 12 6 22 11 25 2 16 8 4 20 17 21 24 25 9 20 24 13 4 15 12 6 24 6 26 3 18 13 2 5 26 20 3 2 14 26 19 17 15 1 18 17 18 24 9 24 2 26 3 12 19 16 25 12 4 4 14 13 6 9 16 21 26 15 24 6 20 18 12 2 20 19 15 4 13 18 15 25 21 25 14 4 15 21 21 1 23 8 4 26 2 14 17 18 12 22 18 1 23 24 21 24 13 1 25 9 3 23 24 17 26 12 22 4 5 3 5 21 21 9 16 24 13 11 9 2 6 13 1 14 13 12 13 23 9 1 26 16 22 25 2 24 14 19 8 19 24 5 5 8 14 4 12 2 12 19 1 2 21 16 23 2 13 18 1 9 13 13 6 9 22 1 13 9 9 11 25 18 20 20 26 7 16 11 11 11 10 13 14 11 25 3 8 18 19 18 16 15 19 3 3 11 21 24 4 16 17 1 22 8 4 9 20 8 5 26 13 10 23 15 5 18 14 14 5 19 19 20 22 13 8 16 14 15 8 5 18 24 13 13 13 10 7 12 12 13 26 5 11 6 2 3 13 17 19 2 10 16 2 9 10 1 14 17 1 1 14 24 9 8 26 8 21 13 4 13 10 18 2 6 21 3 21 4 5 5 5 23 22 22 18 14 14 4 8 21 14 5 7 1 16 18 23 12 6 8 21 18 19 13 12 21 6 25 14 15 12 2 6 23 26 12 23 18 20 19 16 4 1 14 14 2 10 12 21 6 13 14 26 19 21 3 5 26 20 26 17 13 13 17 23 24 13 1 14 19 13 8 9 14 7 23 5 15 4 8 3 25 7 6 10 9 9 4 21 7 16 15 25 14 11 14 6 3 23 4 13 17 2 7 10 6 20 15 11 22 16 14 15 15 5 17 22 12 13 1 22 5 21 23 24 24 10 2 1 12 14 18 13 12 14 16 6 22 18 14 5 1 10 9 16 4 6 13 10 11 21 3 20 3 16 1 5 9 8 4 25 23 22 4 24 16 12 20 4 8 10 18 9 4 16 5 24 2 5 13 14 14 5 14 24 16 3 9 13 11 3 26 12 17 17 17 23 22 10 23 9 1 12 11 3 17 10 21 9 5 10 2 9 8 19 13 18 3 8 16 20 6 2 8 6 13 11 4 25 20 22 15 19 9 23 11 23 4 16 19 5 15 25 15 21 17 24 12 8 9 25 8 14 6 20 21 17 7 2 12 4 26 11 23 13 3 6 8 18 4 2 22 9 8 15 21 15 23 15 17 19 25 12 22 1 16 22 14 1 4 2 25 10 7 14 15 12 13 17 14 18 17 5 11 4 12 2 25 9 6 8 21 4 14 22 1 8 6 23 15 20 4 21 13 2 14 15 20 20 26 4 17 2 9 18 9 5 14 6 18 18 5 23 7 23 15 20 25 8 4 23 4 8 23 5 20 2 15 7 1 26 4 16 12 15 18 3 1 26 17 21 7 16 3 10 18 21 18 10 9 23 5 20 3 6 15 14 13 21 19 18 15 2 23 8 25 6 5 16 15 13 5 1 24 23 8 7 18 21 9 13 24 24 1 25 13 2 6 1 8 21 20 21 26 24 6 20 26 25 26 1 3 5 14 4 13 13 25 6 6 20 12 13 4 26 25 18 21 13 26 26 4 9 4 25 9 19 8 13 23 12 14 19 7 24 4 4 2 25 22 5 10 13 21 11 1 4 10 6 11 26 26 19 24 24 22 23 4 3 20 25 18 15 16 14 2 22 22 2 8 21 9 15 24 14 12 23 17 10 15 24 13 17 9 21 8 4 8 12 18 12 24 26 8 14 22 18 8 18 26 14 24 15 10 12 18 5 5 7 23 18 4 16 15 5 18 17 24 4 18 7 11 2 4 20 2 18 25 24 26 22 11 13 17 2 15 21 16 16 16 14 1 10 18 25 8 4 12 23 3 20 6 18 17 18 20 21 2 26 2 19 19 2 19 12 11 12 8 17 8 2 16 10 2 5 26 3 13 22 16 4 7 1 3 24 16 14 4 23 11 9 26 9 26 12 11 6 10 26 9 10 19 13 23 7 12 5 20 4 20 4 22 23 25 7 13 3 9 13 16 23 7 7 16 21 10 21 16 21 22 2 3 5 25 3 18 26 12 6 12 15 1 6 7 11 7 20 26 12 12 7 22 14 22 13 6 13 22 19 5 5 17 1 1 2 2 17 16 19 4 15 14 24 5 3 7 22 7 10 22 4 5 8 15 2 16 25 4 23 17 2 26 9 11 14 19 21 2 5 16 7 5 12 24 9 19 25 15 20 5 23 24 17 19 20 16 23 2 22 23 21 10 7 8 25 15 12 1 22 13 10 20 11 4 17 5 21 10 12 14 25 16 1 19 14 7 8 25 22 12 23 17 8 24 2 9 17 5 4 18 22 13 12 26 26 23 24 23 6 4 4 10 2 20 17 17 8 21 8 11 18 9 12 14 21 8 26 17 26 4 5 11 17 7 15 11 18 14 24 15 4 19 25 14 13 14 6 6 23 4 26 25 9 8 23 5 2 16 12 17 6 15 15 25 26 20 4 16 14 6 3 12 14 16 12 4 19 13 8 13 3 6 10 18 18 17 3 19 8 10 11 9 2 20 22 20 18 17 21 11 1 17 21 19 16 3 20 5 2 22 2 26 20 22 12 7 21 1 26 24 15 9 23 21 13 16 20 2 1 2 21 1 13 6 6 19 22 17 17 10 2 5 8 16 15 2 18 25 13 11 13 1 2 26 1 25 22 17 18 26 6 19 14 25 13 24 18 21 6 15 22 23 4 20 26 26 22 3 15 19 26 7 6 23 24 3 4 11 24 22 12 11 1 19 18 4 14 14 4 17 23 3 16 21 11 17 17 19 15 14 1 9 15 21 1 21 2 24 4 19 9 8 16 26 3 14 13 19 1 5 1 17 2 13 1 25 26 1 8 7 11 21 10 16 12 4 23 10 19 9 8 14 24 10 25 7 9 6 2 11 14 10 12 4 14 6 17 10 9 25 16 3 2 5 26 7 11 13 13 22 2 7 9 19 3 25 21 6 10 22 26 12 10 23 16 11 24 19 23 26 13 8 5 8 21 25 22 18 10 4 7 2 4 25 3 10 9 14 24 17 16 24 18 16 19 3 7 22 26 24 17 6 20 25 1 20 3 24 26 24 9 17 20 8 22 4 11 20 13 21 26 15 23 7 22 21 5 4 18 16 1 25 9 26 24 13 15 11 21 19 11 19 26 4 7 3 7 20 14 7 6 10 12 9 14 14 1 24 19 23 8 16 8 1 26 22 23 23 9 23 3 3 23 2 8 4 17 21 26 9 21 20 20 21 12 5 24 20 17 26 25 1 15 8 26 23 9 13 24 19 22 14 20 4 4 23 11 1 9 10 12 9 3 24 14 10 12 23 18 3 3 23 21 2 14 22 6 9 8 15 10 16 5 6 10 1 22 3 5 5 3 19 23 17 7 13 5 14 8 3 26 6 4 16 19 25 15 4 17 4 1 15 10 1 10 5 18 8 18 18 14 20 20 7 15 23 4 13 1 17 6 12 8 3 7 11 2 20 8 26 14 6 9 20 8 11 13 4 20 20 2 20 25 7 14 13 2 4 5 15 10 26 16 22 13 25 10 15 25 6 23 3 10 18 25 16 9 15 1 17 6 6 5 14 9 12 8 10 9 5 1 8 7 24 26 1 5 21 6 22 19 7 15 15 26 21 5 19 9 1 13 26 26 18 2 9 16 25 10 24 4 4 18 8 26 9 22 7 19 2 14 22 19 16 26 18 2 11 12 1 22 25 17 12 10 18 25 26 10 21 23 19 22 22 20 10 6 2 25 20 17 25 21 15 18 24 17 20 6 23 2 17 6 15 10 9 16 23 25 22 3 5 8 16 1 12 5 10 20 16 1 13 12 8 21 4 16 6 18 1 18 22 14 19 15 19 20 22 1 25 8 7 23 7 5 6 9 25 9 15 13 26 22 16 3 19 7 12 16 3 5 20 14 25 8 2 24 16 7 7 25 13 4 5 24 26 5 24 16 26 15 2 8 21 11 7 4 19 12 23 8 3 9 4 5 17 2 11 13 15 11 14 7 19 8 8 6 12 8 5 10 5 13 1 26 9 11 19 6 14 13 21 15 14 23 8 21 16 7 13 14 3 16 9 1 21 1 24 20 1 8 18 20 8 12 17 25 13 15 3 20 5 9 9 1 15 18 9 7 15 24 12 13 26 17 19 5 17 11 5 14 15 21 8 10 12 26 20 12 11 26 21 26 2 6 13 24 15 11 15 19 12 25 14 25 2 6 20 17 15 6 3 14 24 2 2 13 15 11 13 5 13 2 12 5 13 4 1 23 16 4 12 17 10 16 24 19 11 2 20 16 11 19 24 2 26 3 6 15 8 22 1 26 26 22 23 13 2 24 24 21 10 9 5 25 17 10 11 24 3 1 23 8 21 8 19 24 17 17 25 24 1 9 11 24 16 19 3 9 4 22 20 11 1 26 26 7 8 20 12 11 4 1 8 15 14 13 8 6 10 19 26 15 6 5 11 11 26 10 8 11 19 6 17 8 6 9 8 26 5 1 26 7 10 9 18 11 7 25 23 14 16 9 7 16 2 9 22 6 5 24 4 12 24 20 15 23 11 25 22 16 8 23 10 21 16 9 8 12 8 8 9 16 10 23 14 4 13 14 23 14 13 12 7 16 1 20 20 15 8 14 19 22 18 23 18 3 7 17 8 11 26 16 20 8 2 13 2 13 2 4 23 19 11 6 11 22 10 18 3 23 19 18 11 24 20 15 15 5 18 14 2 3 12 2 19 21 5 7 6 2 6 26 19 18 25 13 10 24 26 15 22 3 13 3 7 11 1 20 8 25 11 22 6 19 11 26 3 26 15 26 24 11 13 14 22 23 19 7 24 14 8 24 5 11 26 22 6 11 8 3 2 4 7 15 19 25 11 21
