4
1
3
V 1
16
torch.LongTensor
2
20 20
20 1
1
4
2
3
V 1
17
torch.LongStorage
400
14 9 18 3 26 15 3 21 6 1 7 2 24 7 25 7 5 10 6 8 8 15 12 9 12 12 19 4 6 18 3 7 4 21 23 13 23 14 2 10 10 26 1 25 9 20 17 9 16 18 8 23 4 26 21 25 18 24 12 3 11 17 3 26 7 26 8 13 1 20 16 20 24 21 5 25 22 3 1 19 25 20 19 6 1 2 16 26 17 16 12 13 26 10 21 24 18 23 11 24 1 11 7 2 7 4 16 23 5 7 2 12 21 10 25 7 8 4 9 10 4 9 12 4 20 16 23 10 11 6 7 24 9 14 16 14 7 8 23 25 15 13 8 13 1 22 15 12 16 8 9 7 19 25 17 17 16 3 22 19 5 9 17 5 24 7 24 15 26 4 9 2 25 21 16 5 22 24 22 26 17 15 13 21 14 2 15 4 23 6 8 26 26 25 5 10 15 16 13 23 14 8 26 20 1 17 25 2 23 11 1 14 14 16 20 12 1 18 12 14 5 12 22 4 20 23 13 3 22 14 10 2 24 22 17 7 9 9 6 14 1 19 20 9 25 19 14 22 14 8 24 3 21 4 5 14 26 14 11 10 14 2 15 22 23 21 7 18 26 7 4 5 13 24 20 6 24 17 12 5 13 26 18 15 22 2 22 21 8 23 11 12 1 4 25 14 19 20 21 6 10 15 25 2 5 25 12 20 7 1 7 22 25 7 13 8 12 1 14 8 11 21 1 9 15 22 14 24 1 5 25 2 4 13 9 23 16 25 5 16 19 24 21 4 22 14 6 20 13 14 16 3 14 14 14 16 1 11 23 10 2 14 3 17 1 14 23 7 17 2 24 2 14 21 5 13 25 18 8 13 22 17 15 8 16 10 16 25 18 13 24 14 14 7 26 23 3 5 25 7
